#usda 1.0
(
    defaultPrim = "panda"
    metersPerUnit = 1
    upAxis = "Z"
)

def Mujoco "mujoco" (
    prepend apiSchemas = ["MujocoOptionAPI"]
)
{
    string mujoco:model = "panda"
    float mujoco:option:timestep = 0.002

    def MujocoAsset "asset"
    {
        def MujocoMesh "meshes"
        {
            def MujocoMesh "link0_0"
            {
                asset mujoco:mesh:file = @panda/meshes/stl/link0_0.stl@
            }

            def MujocoMesh "link0_1"
            {
                asset mujoco:mesh:file = @panda/meshes/stl/link0_1.stl@
            }

            def MujocoMesh "link0_2"
            {
                asset mujoco:mesh:file = @panda/meshes/stl/link0_2.stl@
            }

            def MujocoMesh "link0_3"
            {
                asset mujoco:mesh:file = @panda/meshes/stl/link0_3.stl@
            }

            def MujocoMesh "link0_4"
            {
                asset mujoco:mesh:file = @panda/meshes/stl/link0_4.stl@
            }

            def MujocoMesh "link0_5"
            {
                asset mujoco:mesh:file = @panda/meshes/stl/link0_5.stl@
            }

            def MujocoMesh "link0_7"
            {
                asset mujoco:mesh:file = @panda/meshes/stl/link0_7.stl@
            }

            def MujocoMesh "link0_8"
            {
                asset mujoco:mesh:file = @panda/meshes/stl/link0_8.stl@
            }

            def MujocoMesh "link0_9"
            {
                asset mujoco:mesh:file = @panda/meshes/stl/link0_9.stl@
            }

            def MujocoMesh "link0_10"
            {
                asset mujoco:mesh:file = @panda/meshes/stl/link0_10.stl@
            }

            def MujocoMesh "link0_11"
            {
                asset mujoco:mesh:file = @panda/meshes/stl/link0_11.stl@
            }

            def MujocoMesh "link0_c"
            {
                asset mujoco:mesh:file = @panda/meshes/stl/link0_c.stl@
            }

            def MujocoMesh "link1"
            {
                asset mujoco:mesh:file = @panda/meshes/stl/link1.stl@
            }

            def MujocoMesh "link1_c"
            {
                asset mujoco:mesh:file = @panda/meshes/stl/link1_c.stl@
            }

            def MujocoMesh "link2"
            {
                asset mujoco:mesh:file = @panda/meshes/stl/link2.stl@
            }

            def MujocoMesh "link2_c"
            {
                asset mujoco:mesh:file = @panda/meshes/stl/link2_c.stl@
            }

            def MujocoMesh "link3_0"
            {
                asset mujoco:mesh:file = @panda/meshes/stl/link3_0.stl@
            }

            def MujocoMesh "link3_1"
            {
                asset mujoco:mesh:file = @panda/meshes/stl/link3_1.stl@
            }

            def MujocoMesh "link3_2"
            {
                asset mujoco:mesh:file = @panda/meshes/stl/link3_2.stl@
            }

            def MujocoMesh "link3_3"
            {
                asset mujoco:mesh:file = @panda/meshes/stl/link3_3.stl@
            }

            def MujocoMesh "link3_c"
            {
                asset mujoco:mesh:file = @panda/meshes/stl/link3_c.stl@
            }

            def MujocoMesh "link4_0"
            {
                asset mujoco:mesh:file = @panda/meshes/stl/link4_0.stl@
            }

            def MujocoMesh "link4_1"
            {
                asset mujoco:mesh:file = @panda/meshes/stl/link4_1.stl@
            }

            def MujocoMesh "link4_2"
            {
                asset mujoco:mesh:file = @panda/meshes/stl/link4_2.stl@
            }

            def MujocoMesh "link4_3"
            {
                asset mujoco:mesh:file = @panda/meshes/stl/link4_3.stl@
            }

            def MujocoMesh "link4_c"
            {
                asset mujoco:mesh:file = @panda/meshes/stl/link4_c.stl@
            }

            def MujocoMesh "link5_0"
            {
                asset mujoco:mesh:file = @panda/meshes/stl/link5_0.stl@
            }

            def MujocoMesh "link5_1"
            {
                asset mujoco:mesh:file = @panda/meshes/stl/link5_1.stl@
            }

            def MujocoMesh "link5_2"
            {
                asset mujoco:mesh:file = @panda/meshes/stl/link5_2.stl@
            }

            def MujocoMesh "link5_c0"
            {
                asset mujoco:mesh:file = @panda/meshes/stl/link5_c0.stl@
            }

            def MujocoMesh "link5_c1"
            {
                asset mujoco:mesh:file = @panda/meshes/stl/link5_c1.stl@
            }

            def MujocoMesh "link5_c2"
            {
                asset mujoco:mesh:file = @panda/meshes/stl/link5_c2.stl@
            }

            def MujocoMesh "link6_0"
            {
                asset mujoco:mesh:file = @panda/meshes/stl/link6_0.stl@
            }

            def MujocoMesh "link6_1"
            {
                asset mujoco:mesh:file = @panda/meshes/stl/link6_1.stl@
            }

            def MujocoMesh "link6_2"
            {
                asset mujoco:mesh:file = @panda/meshes/stl/link6_2.stl@
            }

            def MujocoMesh "link6_3"
            {
                asset mujoco:mesh:file = @panda/meshes/stl/link6_3.stl@
            }

            def MujocoMesh "link6_4"
            {
                asset mujoco:mesh:file = @panda/meshes/stl/link6_4.stl@
            }

            def MujocoMesh "link6_5"
            {
                asset mujoco:mesh:file = @panda/meshes/stl/link6_5.stl@
            }

            def MujocoMesh "link6_6"
            {
                asset mujoco:mesh:file = @panda/meshes/stl/link6_6.stl@
            }

            def MujocoMesh "link6_7"
            {
                asset mujoco:mesh:file = @panda/meshes/stl/link6_7.stl@
            }

            def MujocoMesh "link6_8"
            {
                asset mujoco:mesh:file = @panda/meshes/stl/link6_8.stl@
            }

            def MujocoMesh "link6_9"
            {
                asset mujoco:mesh:file = @panda/meshes/stl/link6_9.stl@
            }

            def MujocoMesh "link6_10"
            {
                asset mujoco:mesh:file = @panda/meshes/stl/link6_10.stl@
            }

            def MujocoMesh "link6_11"
            {
                asset mujoco:mesh:file = @panda/meshes/stl/link6_11.stl@
            }

            def MujocoMesh "link6_12"
            {
                asset mujoco:mesh:file = @panda/meshes/stl/link6_12.stl@
            }

            def MujocoMesh "link6_13"
            {
                asset mujoco:mesh:file = @panda/meshes/stl/link6_13.stl@
            }

            def MujocoMesh "link6_14"
            {
                asset mujoco:mesh:file = @panda/meshes/stl/link6_14.stl@
            }

            def MujocoMesh "link6_15"
            {
                asset mujoco:mesh:file = @panda/meshes/stl/link6_15.stl@
            }

            def MujocoMesh "link6_16"
            {
                asset mujoco:mesh:file = @panda/meshes/stl/link6_16.stl@
            }

            def MujocoMesh "link6_c"
            {
                asset mujoco:mesh:file = @panda/meshes/stl/link6_c.stl@
            }

            def MujocoMesh "link7_0"
            {
                asset mujoco:mesh:file = @panda/meshes/stl/link7_0.stl@
            }

            def MujocoMesh "link7_1"
            {
                asset mujoco:mesh:file = @panda/meshes/stl/link7_1.stl@
            }

            def MujocoMesh "link7_2"
            {
                asset mujoco:mesh:file = @panda/meshes/stl/link7_2.stl@
            }

            def MujocoMesh "link7_3"
            {
                asset mujoco:mesh:file = @panda/meshes/stl/link7_3.stl@
            }

            def MujocoMesh "link7_4"
            {
                asset mujoco:mesh:file = @panda/meshes/stl/link7_4.stl@
            }

            def MujocoMesh "link7_5"
            {
                asset mujoco:mesh:file = @panda/meshes/stl/link7_5.stl@
            }

            def MujocoMesh "link7_6"
            {
                asset mujoco:mesh:file = @panda/meshes/stl/link7_6.stl@
            }

            def MujocoMesh "link7_7"
            {
                asset mujoco:mesh:file = @panda/meshes/stl/link7_7.stl@
            }

            def MujocoMesh "link7_c"
            {
                asset mujoco:mesh:file = @panda/meshes/stl/link7_c.stl@
            }

            def MujocoMesh "hand_0"
            {
                asset mujoco:mesh:file = @panda/meshes/stl/hand_0.stl@
            }

            def MujocoMesh "hand_1"
            {
                asset mujoco:mesh:file = @panda/meshes/stl/hand_1.stl@
            }

            def MujocoMesh "hand_2"
            {
                asset mujoco:mesh:file = @panda/meshes/stl/hand_2.stl@
            }

            def MujocoMesh "hand_3"
            {
                asset mujoco:mesh:file = @panda/meshes/stl/hand_3.stl@
            }

            def MujocoMesh "hand_4"
            {
                asset mujoco:mesh:file = @panda/meshes/stl/hand_4.stl@
            }

            def MujocoMesh "hand_c"
            {
                asset mujoco:mesh:file = @panda/meshes/stl/hand_c.stl@
            }

            def MujocoMesh "finger_0"
            {
                asset mujoco:mesh:file = @panda/meshes/stl/finger_0.stl@
            }

            def MujocoMesh "finger_1"
            {
                asset mujoco:mesh:file = @panda/meshes/stl/finger_1.stl@
            }
        }

        def MujocoMaterial "materials"
        {
            def MujocoMaterial "off_white"
            {
                float mujoco:material:emission = 0
                color4f mujoco:material:rgba = (0.901961, 0.921569, 0.929412, 1)
                float mujoco:material:specular = 0.5
            }

            def MujocoMaterial "black"
            {
                float mujoco:material:emission = 0
                color4f mujoco:material:rgba = (0.25, 0.25, 0.25, 1)
                float mujoco:material:specular = 0.5
            }

            def MujocoMaterial "white"
            {
                float mujoco:material:emission = 0
                color4f mujoco:material:rgba = (1, 1, 1, 1)
                float mujoco:material:specular = 0.5
            }

            def MujocoMaterial "light_blue"
            {
                float mujoco:material:emission = 0
                color4f mujoco:material:rgba = (0.039216, 0.541176, 0.780392, 1)
                float mujoco:material:specular = 0.5
            }

            def MujocoMaterial "green"
            {
                float mujoco:material:emission = 0
                color4f mujoco:material:rgba = (0, 1, 0, 1)
                float mujoco:material:specular = 0.5
            }
        }

        def MujocoTexture "textures"
        {
        }
    }

    def MujocoEquality "equality"
    {
        def MujocoEqualityJoint "Equality_0"
        {
            rel mujoco:equality:joint:joint1 = </panda/link7/hand/finger_joint1>
            rel mujoco:equality:joint:joint2 = </panda/link7/hand/finger_joint2>
            float[] mujoco:equality:joint:polycoef = [0, 1, 0, 0, 0]
        }
    }
}

def Xform "panda" (
    prepend apiSchemas = ["MujocoBodyAPI"]
)
{
    point3f mujoco:body:pos = (0, 0, 0)
    quatf mujoco:body:quat = (1, 0, 0, 0)

    def Xform "link0" (
        prepend apiSchemas = ["MujocoBodyAPI"]
    )
    {
        point3f mujoco:body:pos = (0, 0, 0)
        quatf mujoco:body:quat = (1, 0, 0, 0)

        def Mesh "Geom_0" (
            prepend apiSchemas = ["MujocoGeomAPI", "MaterialBindingAPI", "UrdfLinkVisualAPI", "UrdfGeometryMeshAPI"]
            prepend references = @./panda/meshes/usd/link0_0.usda@</link0_0>
        )
        {
            rel material:binding = </panda/link0/Geom_0/Materials/off_white>
            rel mujoco:geom:material = </mujoco/asset/materials/off_white>
            rel mujoco:geom:mesh = </mujoco/asset/meshes/link0_0>
            point3f mujoco:geom:pos = (-0.024341708, 0.06898584, 0.037001297)
            quatf mujoco:geom:quat = (0.58621246, 0.27670532, 0.32439786, 0.68887967)
            vector3f mujoco:geom:size = (1, 1, 1)
            uniform token mujoco:geom:type = "mesh"
            color3f[] primvars:displayColor = [(0.5, 0.5, 0.5)]
            float[] primvars:displayOpacity = [1]
            asset urdf:geometry:mesh:filename = @./panda/meshes/obj/link0_0.obj@
            float3 urdf:geometry:mesh:scale = (1, 1, 1)
            float3 urdf:visual:origin:rpy = (0.88097334, -0.0009012198, 1.7310598)
            point3f urdf:visual:origin:xyz = (-0.024341708, 0.06898584, 0.037001297)
            matrix4d xformOp:transform = ( (-0.15957825598531117, 0.9871848702344572, 0.0009012196540483797, 0), (-0.6281343986169037, -0.10224199968166925, 0.771358380245703, 0), (0.7615654650066976, 0.12252593799384626, 0.6364003747860781, 0), (-0.02434170827864863, 0.06898584107657625, 0.037001297313774606, 1) )
            uniform token[] xformOpOrder = ["xformOp:transform"]

            def Scope "Materials"
            {
                def Material "off_white" (
                    prepend references = @./panda/materials/usd/off_white.usda@</off_white>
                )
                {
                }
            }
        }

        def Mesh "Geom_1" (
            prepend apiSchemas = ["MujocoGeomAPI", "MaterialBindingAPI", "UrdfLinkVisualAPI", "UrdfGeometryMeshAPI"]
            prepend references = @./panda/meshes/usd/link0_1.usda@</link0_1>
        )
        {
            rel material:binding = </panda/link0/Geom_1/Materials/black>
            rel mujoco:geom:material = </mujoco/asset/materials/black>
            rel mujoco:geom:mesh = </mujoco/asset/meshes/link0_1>
            point3f mujoco:geom:pos = (-0.025005138, 0.07288968, 0.03697875)
            quatf mujoco:geom:quat = (0.23692513, 0.6339873, 0.670926, 0.30296034)
            vector3f mujoco:geom:size = (1, 1, 1)
            uniform token mujoco:geom:type = "mesh"
            color3f[] primvars:displayColor = [(0.5, 0.5, 0.5)]
            float[] primvars:displayOpacity = [1]
            asset urdf:geometry:mesh:filename = @./panda/meshes/obj/link0_1.obj@
            float3 urdf:geometry:mesh:scale = (1, 1, 1)
            float3 urdf:visual:origin:rpy = (2.3542244, -0.066276096, 1.6549332)
            point3f urdf:visual:origin:xyz = (-0.025005138, 0.07288968, 0.03697875)
            matrix4d xformOp:transform = ( (-0.0838531946455976, 0.9942748857782464, 0.06622758683798535, 0), (0.7071592194063621, 0.012550286154453638, 0.7069429458775485, 0), (0.7020644415980007, 0.10611287305551886, -0.7041630336900622, 0), (-0.025005136793976982, 0.07288967710097176, 0.03697875321042992, 1) )
            uniform token[] xformOpOrder = ["xformOp:transform"]

            def Scope "Materials"
            {
                def Material "black" (
                    prepend references = @./panda/materials/usd/black.usda@</black>
                )
                {
                }
            }
        }

        def Mesh "Geom_2" (
            prepend apiSchemas = ["MujocoGeomAPI", "MaterialBindingAPI", "UrdfLinkVisualAPI", "UrdfGeometryMeshAPI"]
            prepend references = @./panda/meshes/usd/link0_2.usda@</link0_2>
        )
        {
            rel material:binding = </panda/link0/Geom_2/Materials/off_white>
            rel mujoco:geom:material = </mujoco/asset/materials/off_white>
            rel mujoco:geom:mesh = </mujoco/asset/meshes/link0_2>
            point3f mujoco:geom:pos = (-0.023746833, -0.06535296, 0.06299932)
            quatf mujoco:geom:quat = (0.7049802, 0.7043649, -0.060598925, -0.056575153)
            vector3f mujoco:geom:size = (1, 1, 1)
            uniform token mujoco:geom:type = "mesh"
            color3f[] primvars:displayColor = [(0.5, 0.5, 0.5)]
            float[] primvars:displayOpacity = [1]
            asset urdf:geometry:mesh:filename = @./panda/meshes/obj/link0_2.obj@
            float3 urdf:geometry:mesh:scale = (1, 1, 1)
            float3 urdf:visual:origin:rpy = (1.5704006, -0.005743013, -0.1658989)
            point3f urdf:visual:origin:xyz = (-0.023746833, -0.06535296, 0.06299932)
            matrix4d xformOp:transform = ( (0.9862540441073845, -0.1651362426740257, 0.005742981571849035, 0), (-0.005598786122049726, 0.0013386580430452266, 0.9999834306570302, 0), (-0.1651411943634563, -0.986269856251396, 0.0003956944048993938, 0), (-0.02374683403129674, -0.06535296272360118, 0.06299932311266318, 1) )
            uniform token[] xformOpOrder = ["xformOp:transform"]

            def Scope "Materials"
            {
                def Material "off_white" (
                    prepend references = @./panda/materials/usd/off_white.usda@</off_white>
                )
                {
                }
            }
        }

        def Mesh "Geom_3" (
            prepend apiSchemas = ["MujocoGeomAPI", "MaterialBindingAPI", "UrdfLinkVisualAPI", "UrdfGeometryMeshAPI"]
            prepend references = @./panda/meshes/usd/link0_3.usda@</link0_3>
        )
        {
            rel material:binding = </panda/link0/Geom_3/Materials/black>
            rel mujoco:geom:material = </mujoco/asset/materials/black>
            rel mujoco:geom:mesh = </mujoco/asset/meshes/link0_3>
            point3f mujoco:geom:pos = (-0.024884207, -0.07268134, 0.062931284)
            quatf mujoco:geom:quat = (0.7368693, 0.31095487, 0.28147492, 0.5301911)
            vector3f mujoco:geom:size = (1, 1, 1)
            uniform token mujoco:geom:type = "mesh"
            color3f[] primvars:displayColor = [(0.5, 0.5, 0.5)]
            float[] primvars:displayOpacity = [1]
            asset urdf:geometry:mesh:filename = @./panda/meshes/obj/link0_3.obj@
            float3 urdf:geometry:mesh:scale = (1, 1, 1)
            float3 urdf:visual:origin:rpy = (0.86253124, 0.085192405, 1.2866322)
            point3f urdf:visual:origin:xyz = (-0.024884207, -0.07268134, 0.062931284)
            matrix4d xformOp:transform = ( (0.2793384835057837, 0.956415081170763, -0.0850893891258599, 0), (-0.6063111023358398, 0.24440886851247468, 0.7567371750989578, 0), (0.7445514480658726, -0.15979517358661027, 0.6481578848409061, 0), (-0.02488420743263477, -0.07268133745438186, 0.06293128746546782, 1) )
            uniform token[] xformOpOrder = ["xformOp:transform"]

            def Scope "Materials"
            {
                def Material "black" (
                    prepend references = @./panda/materials/usd/black.usda@</black>
                )
                {
                }
            }
        }

        def Mesh "Geom_4" (
            prepend apiSchemas = ["MujocoGeomAPI", "MaterialBindingAPI", "UrdfLinkVisualAPI", "UrdfGeometryMeshAPI"]
            prepend references = @./panda/meshes/usd/link0_4.usda@</link0_4>
        )
        {
            rel material:binding = </panda/link0/Geom_4/Materials/off_white>
            rel mujoco:geom:material = </mujoco/asset/materials/off_white>
            rel mujoco:geom:mesh = </mujoco/asset/meshes/link0_4>
            point3f mujoco:geom:pos = (-0.064821176, -0.06560425, 0.04800138)
            quatf mujoco:geom:quat = (0.76110536, 0.0076581403, 0.014428624, 0.64842254)
            vector3f mujoco:geom:size = (1, 1, 1)
            uniform token mujoco:geom:type = "mesh"
            color3f[] primvars:displayColor = [(0.5, 0.5, 0.5)]
            float[] primvars:displayOpacity = [1]
            asset urdf:geometry:mesh:filename = @./panda/meshes/obj/link0_4.obj@
            float3 urdf:geometry:mesh:scale = (1, 1, 1)
            float3 urdf:visual:origin:rpy = (0.030375862, 0.012032273, 1.4114312)
            point3f urdf:visual:origin:xyz = (-0.064821176, -0.06560425, 0.04800138)
            matrix4d xformOp:transform = ( (0.15867997408892986, 0.9872567534375977, -0.012031983003280698, 0), (-0.9868147677319675, 0.15897905022504555, 0.030368993655462938, 0), (0.031894827311644794, 0.007054387386381686, 0.999466335405732, 0), (-0.06482117710661212, -0.06560424884993189, 0.04800137992090077, 1) )
            uniform token[] xformOpOrder = ["xformOp:transform"]

            def Scope "Materials"
            {
                def Material "off_white" (
                    prepend references = @./panda/materials/usd/off_white.usda@</off_white>
                )
                {
                }
            }
        }

        def Mesh "Geom_5" (
            prepend apiSchemas = ["MujocoGeomAPI", "MaterialBindingAPI", "UrdfLinkVisualAPI", "UrdfGeometryMeshAPI"]
            prepend references = @./panda/meshes/usd/link0_5.usda@</link0_5>
        )
        {
            rel material:binding = </panda/link0/Geom_5/Materials/black>
            rel mujoco:geom:material = </mujoco/asset/materials/black>
            rel mujoco:geom:mesh = </mujoco/asset/meshes/link0_5>
            point3f mujoco:geom:pos = (-0.059638854, 0.05788507, 0.036908485)
            quatf mujoco:geom:quat = (0.41498426, 0.49763623, 0.5849675, 0.48781073)
            vector3f mujoco:geom:size = (1, 1, 1)
            uniform token mujoco:geom:type = "mesh"
            color3f[] primvars:displayColor = [(0.5, 0.5, 0.5)]
            float[] primvars:displayOpacity = [1]
            asset urdf:geometry:mesh:filename = @./panda/meshes/obj/link0_5.obj@
            float3 urdf:geometry:mesh:scale = (1, 1, 1)
            float3 urdf:visual:origin:rpy = (1.7514347, 0, 1.7317833)
            point3f urdf:visual:origin:xyz = (-0.059638854, 0.05788507, 0.036908485)
            matrix4d xformOp:transform = ( (-0.16029250740966172, 0.9870695578672883, -5.551115123125783e-17, 0), (0.17733450723362232, 0.02879776059161543, 0.9837292114851103, 0), (0.9710091578417437, 0.15768442192107746, -0.1796575589027185, 0), (-0.05963885265197145, 0.05788506811766412, 0.03690848430709659, 1) )
            uniform token[] xformOpOrder = ["xformOp:transform"]

            def Scope "Materials"
            {
                def Material "black" (
                    prepend references = @./panda/materials/usd/black.usda@</black>
                )
                {
                }
            }
        }

        def Mesh "Geom_6" (
            prepend apiSchemas = ["MujocoGeomAPI", "MaterialBindingAPI", "UrdfLinkVisualAPI", "UrdfGeometryMeshAPI"]
            prepend references = @./panda/meshes/usd/link0_7.usda@</link0_7>
        )
        {
            rel material:binding = </panda/link0/Geom_6/Materials/white>
            rel mujoco:geom:material = </mujoco/asset/materials/white>
            rel mujoco:geom:mesh = </mujoco/asset/meshes/link0_7>
            point3f mujoco:geom:pos = (0.011052804, -0.072000034, 0.0460627)
            quatf mujoco:geom:quat = (0.75945693, -0.048285335, -0.039446767, 0.64756286)
            vector3f mujoco:geom:size = (1, 1, 1)
            uniform token mujoco:geom:type = "mesh"
            color3f[] primvars:displayColor = [(0.5, 0.5, 0.5)]
            float[] primvars:displayOpacity = [1]
            asset urdf:geometry:mesh:filename = @./panda/meshes/obj/link0_7.obj@
            float3 urdf:geometry:mesh:scale = (1, 1, 1)
            float3 urdf:visual:origin:rpy = (-0.124753565, 0.0026193385, 1.4119155)
            point3f urdf:visual:origin:xyz = (0.011052804, -0.072000034, 0.0460627)
            matrix4d xformOp:transform = ( (0.1582126057598443, 0.9874015953302534, -0.002619335402534992, 0), (-0.9797827933919147, 0.15666175363482004, -0.12442979032852267, 0), (-0.12245182379947327, 0.022252741119552756, 0.9922249575377798, 0), (0.011052803835438744, -0.07200003137004433, 0.046062701971281546, 1) )
            uniform token[] xformOpOrder = ["xformOp:transform"]

            def Scope "Materials"
            {
                def Material "white" (
                    prepend references = @./panda/materials/usd/white.usda@</white>
                )
                {
                }
            }
        }

        def Mesh "Geom_7" (
            prepend apiSchemas = ["MujocoGeomAPI", "MaterialBindingAPI", "UrdfLinkVisualAPI", "UrdfGeometryMeshAPI"]
            prepend references = @./panda/meshes/usd/link0_8.usda@</link0_8>
        )
        {
            rel material:binding = </panda/link0/Geom_7/Materials/white>
            rel mujoco:geom:material = </mujoco/asset/materials/white>
            rel mujoco:geom:mesh = </mujoco/asset/meshes/link0_8>
            point3f mujoco:geom:pos = (-0.029952925, -0.00003448017, 0.053494547)
            quatf mujoco:geom:quat = (-0.0011472596, 0.5378004, 0.00039544312, 0.84307134)
            vector3f mujoco:geom:size = (1, 1, 1)
            uniform token mujoco:geom:type = "mesh"
            color3f[] primvars:displayColor = [(0.5, 0.5, 0.5)]
            float[] primvars:displayOpacity = [1]
            asset urdf:geometry:mesh:filename = @./panda/meshes/obj/link0_8.obj@
            float3 urdf:geometry:mesh:scale = (1, 1, 1)
            float3 urdf:visual:origin:rpy = (-0.0013455851, -1.1356517, -3.1380126)
            point3f urdf:visual:origin:xyz = (-0.029952925, -0.00003448017, 0.053494547)
            matrix4d xformOp:transform = ( (-0.4215388326145848, -0.0015091044106501725, 0.9068090952354916, 0), (0.0023597822976141676, -0.9999970548402553, -0.0005672198192963615, 0), (0.9068072805317792, 0.0019007668697901886, 0.4215411522732577, 0), (-0.029952925627160853, -0.00003448017186102211, 0.05349454489239895, 1) )
            uniform token[] xformOpOrder = ["xformOp:transform"]

            def Scope "Materials"
            {
                def Material "white" (
                    prepend references = @./panda/materials/usd/white.usda@</white>
                )
                {
                }
            }
        }

        def Mesh "Geom_8" (
            prepend apiSchemas = ["MujocoGeomAPI", "MaterialBindingAPI", "UrdfLinkVisualAPI", "UrdfGeometryMeshAPI"]
            prepend references = @./panda/meshes/usd/link0_9.usda@</link0_9>
        )
        {
            rel material:binding = </panda/link0/Geom_8/Materials/black>
            rel mujoco:geom:material = </mujoco/asset/materials/black>
            rel mujoco:geom:mesh = </mujoco/asset/meshes/link0_9>
            point3f mujoco:geom:pos = (-0.024999274, -0.07303207, 0.032895043)
            quatf mujoco:geom:quat = (0.5362739, 0.46851373, -0.53173953, 0.4584302)
            vector3f mujoco:geom:size = (1, 1, 1)
            uniform token mujoco:geom:type = "mesh"
            color3f[] primvars:displayColor = [(0.5, 0.5, 0.5)]
            float[] primvars:displayOpacity = [1]
            asset urdf:geometry:mesh:filename = @./panda/meshes/obj/link0_9.obj@
            float3 urdf:geometry:mesh:scale = (1, 1, 1)
            float3 urdf:visual:origin:rpy = (1.8630089, -1.5551604, -0.43340367)
            point3f urdf:visual:origin:xyz = (-0.024999274, -0.07303207, 0.032895043)
            matrix4d xformOp:transform = ( (0.014189660715703045, -0.006566223894106438, 0.9998777616451653, 0), (-0.9899428501215136, 0.14067330401306233, 0.014972475792042583, 0), (-0.14075442096811036, -0.9900342954876973, -0.004504079940565564, 0), (-0.024999274401298205, -0.07303207273073183, 0.032895042414244305, 1) )
            uniform token[] xformOpOrder = ["xformOp:transform"]

            def Scope "Materials"
            {
                def Material "black" (
                    prepend references = @./panda/materials/usd/black.usda@</black>
                )
                {
                }
            }
        }

        def Mesh "Geom_9" (
            prepend apiSchemas = ["MujocoGeomAPI", "MaterialBindingAPI", "UrdfLinkVisualAPI", "UrdfGeometryMeshAPI"]
            prepend references = @./panda/meshes/usd/link0_10.usda@</link0_10>
        )
        {
            rel material:binding = </panda/link0/Geom_9/Materials/off_white>
            rel mujoco:geom:material = </mujoco/asset/materials/off_white>
            rel mujoco:geom:mesh = </mujoco/asset/meshes/link0_10>
            point3f mujoco:geom:pos = (-0.0237872, -0.065486304, 0.032974105)
            quatf mujoco:geom:quat = (0.71413904, 0.6957042, -0.05813405, -0.05120029)
            vector3f mujoco:geom:size = (1, 1, 1)
            uniform token mujoco:geom:type = "mesh"
            color3f[] primvars:displayColor = [(0.5, 0.5, 0.5)]
            float[] primvars:displayOpacity = [1]
            asset urdf:geometry:mesh:filename = @./panda/meshes/obj/link0_10.obj@
            float3 urdf:geometry:mesh:scale = (1, 1, 1)
            float3 urdf:visual:origin:rpy = (1.5455598, -0.011791349, -0.15464279)
            point3f urdf:visual:origin:xyz = (-0.0237872, -0.065486304, 0.032974105)
            matrix4d xformOp:transform = ( (0.9879979256813798, -0.154016458088088, 0.011791076595927472, 0), (-0.0077599519053840466, 0.02674835051620872, 0.9996120792042724, 0), (-0.1542721037508626, -0.9877061589271694, 0.02523215451801153, 0), (-0.023787200255619093, -0.06548630800088073, 0.03297410449192426, 1) )
            uniform token[] xformOpOrder = ["xformOp:transform"]

            def Scope "Materials"
            {
                def Material "off_white" (
                    prepend references = @./panda/materials/usd/off_white.usda@</off_white>
                )
                {
                }
            }
        }

        def Mesh "Geom_10" (
            prepend apiSchemas = ["MujocoGeomAPI", "MaterialBindingAPI", "UrdfLinkVisualAPI", "UrdfGeometryMeshAPI"]
            prepend references = @./panda/meshes/usd/link0_11.usda@</link0_11>
        )
        {
            rel material:binding = </panda/link0/Geom_10/Materials/white>
            rel mujoco:geom:material = </mujoco/asset/materials/white>
            rel mujoco:geom:mesh = </mujoco/asset/meshes/link0_11>
            point3f mujoco:geom:pos = (0.011042833, 0.07199696, 0.04608744)
            quatf mujoco:geom:quat = (0.6468715, -0.039445262, -0.04829625, 0.7600453)
            vector3f mujoco:geom:size = (1, 1, 1)
            uniform token mujoco:geom:type = "mesh"
            color3f[] primvars:displayColor = [(0.5, 0.5, 0.5)]
            float[] primvars:displayOpacity = [1]
            asset urdf:geometry:mesh:filename = @./panda/meshes/obj/link0_11.obj@
            float3 urdf:geometry:mesh:scale = (1, 1, 1)
            float3 urdf:visual:origin:rpy = (-0.12477058, -0.00252257, 1.7314903)
            point3f urdf:visual:origin:xyz = (0.011042833, 0.07199696, 0.04608744)
            matrix4d xformOp:transform = ( (-0.16000272602862542, 0.9871133492750099, 0.0025225674383256777, 0), (-0.9794931162737495, -0.15844952723822847, -0.12444670542172279, 0), (-0.12244330457704805, -0.022382649553933265, 0.992223086892861, 0), (0.011042833195986071, 0.07199695886119808, 0.046087441451277696, 1) )
            uniform token[] xformOpOrder = ["xformOp:transform"]

            def Scope "Materials"
            {
                def Material "white" (
                    prepend references = @./panda/materials/usd/white.usda@</white>
                )
                {
                }
            }
        }

        def Mesh "Geom_11" (
            prepend apiSchemas = ["PhysicsCollisionAPI", "PhysicsMeshCollisionAPI", "MujocoGeomAPI", "UrdfLinkCollisionAPI", "UrdfGeometryMeshAPI"]
            prepend references = @./panda/meshes/usd/link0_c.usda@</link0_c>
        )
        {
            rel mujoco:geom:mesh = </mujoco/asset/meshes/link0_c>
            point3f mujoco:geom:pos = (-0.029189765, -0.00087946496, 0.056603193)
            quatf mujoco:geom:quat = (0.004117441, 0.5649163, 0.013287545, 0.8250309)
            vector3f mujoco:geom:size = (1, 1, 1)
            uniform token mujoco:geom:type = "mesh"
            uniform token physics:approximation = "convexHull"
            bool physics:collisionEnabled = 1
            color3f[] primvars:displayColor = [(0.5, 0.5, 0.5)]
            float[] primvars:displayOpacity = [0]
            float3 urdf:collision:origin:rpy = (0.0734105, -1.1999954, 3.0813768)
            point3f urdf:collision:origin:xyz = (-0.029189765, -0.00087946496, 0.056603193)
            asset urdf:geometry:mesh:filename = @./panda/meshes/stl/link0_c.stl@
            float3 urdf:geometry:mesh:scale = (1, 1, 1)
            token visibility = "invisible"
            matrix4d xformOp:transform = ( (-0.3617052372107352, 0.02180673425231963, 0.9320374390096, 0), (0.008218669181057145, -0.9996129756471737, 0.026577290958527764, 0), (0.9322562817440372, 0.01727325270615265, 0.3613860261406514, 0), (-0.029189765433072147, -0.0008794649788944781, 0.0566031915141631, 1) )
            uniform token[] xformOpOrder = ["xformOp:transform"]
        }

        def PhysicsRevoluteJoint "joint1" (
            prepend apiSchemas = ["MujocoJointAPI", "UrdfJointAPI"]
        )
        {
            vector3f mujoco:joint:axis = (0, 0, 1)
            point3f mujoco:joint:pos = (0, 0, 0)
            float2 mujoco:joint:range = (-2.8973, 2.8973)
            uniform token mujoco:joint:type = "hinge"
            uniform token physics:axis = "Z"
            rel physics:body0 = </panda/link0>
            rel physics:body1 = </panda/link1>
            bool physics:collisionEnabled = 0
            point3f physics:localPos0 = (0, 0, 0.333)
            point3f physics:localPos1 = (0, 0, 0)
            quatf physics:localRot0 = (1, 0, 0, 0)
            quatf physics:localRot1 = (1, 0, 0, 0)
            float physics:lowerLimit = -166.00307
            float physics:upperLimit = 166.00307
            vector3f urdf:joint:axis = (0, 0, 1)
            prepend rel urdf:joint:child = </panda/link1>
            float urdf:joint:limit:effort = 1000
            float urdf:joint:limit:lower = -2.8973
            float urdf:joint:limit:upper = 2.8973
            float urdf:joint:limit:velocity = 1000
            float3 urdf:joint:origin:rpy = (0, 0, 0)
            point3f urdf:joint:origin:xyz = (0, 0, 0.333)
            prepend rel urdf:joint:parent = </panda/link0>
            uniform token urdf:joint:type = "revolute"
        }
    }

    def Xform "link1" (
        prepend apiSchemas = ["PhysicsRigidBodyAPI", "PhysicsMassAPI", "MujocoBodyAPI", "MujocoBodyInertialAPI", "UrdfLinkInertialAPI"]
    )
    {
        float3 mujoco:body:inertial:diaginertia = (0.707137, 0.7034354, 0.008524557)
        float mujoco:body:inertial:mass = 4.970684
        point3f mujoco:body:inertial:pos = (0.003875, 0.002081, -0.04762)
        quatf mujoco:body:inertial:quat = (0.71154916, 0.0063437712, -0.01311239, 0.7024853)
        point3f mujoco:body:pos = (0, 0, 0.333)
        quatf mujoco:body:quat = (1, 0, 0, 0)
        point3f physics:centerOfMass = (0.003875, 0.002081, -0.04762)
        float3 physics:diagonalInertia = (0.707137, 0.7034354, 0.008524557)
        float physics:mass = 4.970684
        quatf physics:principalAxes = (0.71154916, 0.0063437712, -0.01311239, 0.7024853)
        bool physics:rigidBodyEnabled = 1
        float urdf:link:inertial:inertia:ixx = 0.707137
        float urdf:link:inertial:inertia:iyy = 0.7034354
        float urdf:link:inertial:inertia:izz = 0.008524557
        float urdf:link:inertial:mass = 4.970684
        float3 urdf:link:inertial:origin:rpy = (-0.009398425, -0.027576528, 1.5581063)
        point3f urdf:link:inertial:origin:xyz = (0.003875, 0.002081, -0.04762)
        matrix4d xformOp:transform = ( (1, 0, 0, 0), (0, 1, 0, 0), (0, 0, 1, 0), (0, 0, 0.333, 1) )
        uniform token[] xformOpOrder = ["xformOp:transform"]

        def Mesh "Geom_12" (
            prepend apiSchemas = ["MujocoGeomAPI", "MaterialBindingAPI", "UrdfLinkVisualAPI", "UrdfGeometryMeshAPI"]
            prepend references = @./panda/meshes/usd/link1.usda@</link1>
        )
        {
            rel material:binding = </panda/link1/Geom_12/Materials/white>
            rel mujoco:geom:material = </mujoco/asset/materials/white>
            rel mujoco:geom:mesh = </mujoco/asset/meshes/link1>
            point3f mujoco:geom:pos = (0.0000022415552, -0.032479387, -0.067575864)
            quatf mujoco:geom:quat = (0.98168457, 0.19051352, 0.000032940454, -0.00019934204)
            vector3f mujoco:geom:size = (1, 1, 1)
            uniform token mujoco:geom:type = "mesh"
            color3f[] primvars:displayColor = [(0.5, 0.5, 0.5)]
            float[] primvars:displayOpacity = [1]
            asset urdf:geometry:mesh:filename = @./panda/meshes/obj/link1.obj@
            float3 urdf:geometry:mesh:scale = (1, 1, 1)
            float3 urdf:visual:origin:rpy = (0.38337043, 0.00014062898, -0.00037883082)
            point3f urdf:visual:origin:xyz = (0.0000022415552, -0.032479387, -0.067575864)
            matrix4d xformOp:transform = ( (0.9999999183553492, -0.000378830813127672, -0.0001406289798884589, 0), (0.0004039332203786088, 0.9274091141738672, 0.37404835487567173, 0), (-0.0000112804447610885, -0.37404838114134115, 0.9274091914782242, 0), (0.0000022415553023489027, -0.0324793865141835, -0.06757586693056468, 1) )
            uniform token[] xformOpOrder = ["xformOp:transform"]

            def Scope "Materials"
            {
                def Material "white" (
                    prepend references = @./panda/materials/usd/white.usda@</white>
                )
                {
                }
            }
        }

        def Mesh "Geom_13" (
            prepend apiSchemas = ["PhysicsCollisionAPI", "PhysicsMeshCollisionAPI", "MujocoGeomAPI", "UrdfLinkCollisionAPI", "UrdfGeometryMeshAPI"]
            prepend references = @./panda/meshes/usd/link1_c.usda@</link1_c>
        )
        {
            rel mujoco:geom:mesh = </mujoco/asset/meshes/link1_c>
            point3f mujoco:geom:pos = (0.000011398982, -0.031265527, -0.06937331)
            quatf mujoco:geom:quat = (0.98466045, 0.17448115, -0.000101815014, 0.00034766187)
            vector3f mujoco:geom:size = (1, 1, 1)
            uniform token mujoco:geom:type = "mesh"
            uniform token physics:approximation = "convexHull"
            bool physics:collisionEnabled = 1
            color3f[] primvars:displayColor = [(0.5, 0.5, 0.5)]
            float[] primvars:displayOpacity = [0]
            float3 urdf:collision:origin:rpy = (0.35075757, -0.00032182733, 0.0006491283)
            point3f urdf:collision:origin:xyz = (0.000011398982, -0.031265527, -0.06937331)
            asset urdf:geometry:mesh:filename = @./panda/meshes/stl/link1_c.stl@
            float3 urdf:geometry:mesh:scale = (1, 1, 1)
            token visibility = "invisible"
            matrix4d xformOp:transform = ( (0.9999997375298358, 0.0006491282030284778, 0.0003218273378499434, 0), (-0.0007201874123471696, 0.9391124081299671, 0.3436093220889463, 0), (-0.0000791855444588857, -0.34360946367774875, 0.93911262913494, 0), (0.00001139898131675401, -0.03126552803743275, -0.06937330598619522, 1) )
            uniform token[] xformOpOrder = ["xformOp:transform"]
        }

        def PhysicsRevoluteJoint "joint2" (
            prepend apiSchemas = ["MujocoJointAPI", "UrdfJointAPI"]
        )
        {
            vector3f mujoco:joint:axis = (0, 0, 1)
            point3f mujoco:joint:pos = (0, 0, 0)
            float2 mujoco:joint:range = (-1.7628, 1.7628)
            uniform token mujoco:joint:type = "hinge"
            uniform token physics:axis = "Z"
            rel physics:body0 = </panda/link1>
            rel physics:body1 = </panda/link2>
            bool physics:collisionEnabled = 0
            point3f physics:localPos0 = (0, 0, 0)
            point3f physics:localPos1 = (0, 0, 0)
            quatf physics:localRot0 = (0.70710677, -0.70710677, 0, 0)
            quatf physics:localRot1 = (1, 0, 0, 0)
            float physics:lowerLimit = -101.001
            float physics:upperLimit = 101.001
            vector3f urdf:joint:axis = (0, 0, 1)
            prepend rel urdf:joint:child = </panda/link2>
            float urdf:joint:limit:effort = 1000
